productTitle,productPrice,subCategoryName
Aunty Kath's Chocolate Chip Cookie Dough | 450g,6,Chilled Pastry & Dough
Supreme Wonton Wrappers | 250g,3.75,Chilled Pastry & Dough
Gerry Pittes Souvlaki Pizza Pita Bread | 450g,3.8,Chilled Pastry & Dough
Antoniou Filo Pastry Chilled | 375g,4.5,Chilled Pastry & Dough
Aunty Kath's Cookie Dough M&M | 450g,6,Chilled Pastry & Dough
Aunty Kath's Limited Edition Cookie Dough | 450g,6,Chilled Pastry & Dough
Mingle Satay Recipe Base | 30g,2.6,Chilled Pastry & Dough
